-0.0563369 -0.0563369 -0.05667 -0.0563624 -0.0556899 -0.0544832 -0.0528113 -0.0506632 -0.0480704 -0.0450511 -0.0416326 -0.0378418 -0.0337087 -0.0292654 -0.0245461 -0.0195868 -0.0144249 -0.00909912 -0.00364942 0.00188362 0.00745887 0.0130349 0.0185703 0.0240238 0.0293546 0.0345229 0.0394897 0.0442172 0.0486692 0.0528113 0.0566112 0.0600385 0.063066 0.0656663 0.0678209 0.069498 0.0707087 0.0713841 0.0716934 0.0713616 0.0713616 
-0.0563369 -0.0563369 -0.05667 -0.0563624 -0.0556899 -0.0544832 -0.0528113 -0.0506632 -0.0480704 -0.0450511 -0.0416326 -0.0378418 -0.0337087 -0.0292654 -0.0245461 -0.0195868 -0.0144249 -0.00909912 -0.00364942 0.00188362 0.00745887 0.0130349 0.0185703 0.0240238 0.0293546 0.0345229 0.0394897 0.0442172 0.0486692 0.0528113 0.0566112 0.0600385 0.063066 0.0656663 0.0678209 0.069498 0.0707087 0.0713841 0.0716934 0.0713616 0.0713616 
-0.0560067 -0.0560067 -0.0563471 -0.0559618 -0.0552524 -0.0540227 -0.0523506 -0.0502133 -0.04764 -0.0446453 -0.0412553 -0.0374956 -0.0333961 -0.0289883 -0.0243061 -0.0193851 -0.0142626 -0.0089771 -0.00356828 0.00192349 0.00745727 0.0129919 0.018486 0.0238987 0.0291895 0.0343185 0.0392471 0.0439377 0.0483545 0.0524633 0.0562323 0.0596313 0.0626345 0.0652154 0.0673594 0.0690369 0.0702707 0.0709829 0.0713699 0.0710309 0.0710309 
-0.0563049 -0.0563049 -0.0567374 -0.0563515 -0.0556469 -0.0544067 -0.0527235 -0.0505713 -0.0479815 -0.0449679 -0.0415569 -0.0377741 -0.0336494 -0.0292145 -0.0245035 -0.0195524 -0.0143985 -0.00908067 -0.00363872 0.0018867 0.00745444 0.013023 0.0185509 0.0239969 0.0293203 0.034481 0.0394401 0.0441599 0.0486042 0.0527386 0.0565312 0.0599517 0.0629742 0.0655721 0.0677312 0.06942 0.0706645 0.071372 0.0717595 0.0713283 0.0713283 
-0.0569691 -0.0569691 -0.057462 -0.0570678 -0.0563588 -0.0550994 -0.0533951 -0.0512164 -0.0485966 -0.0455488 -0.0420996 -0.0382747 -0.0341044 -0.0296206 -0.0248578 -0.0198522 -0.0146419 -0.0092658 -0.00376436 0.00182146 0.00745006 0.0130795 0.018668 0.0241737 0.0295557 0.0347733 0.0397873 0.0445595 0.0490533 0.053234 0.0570693 0.0605286 0.0635859 0.0662143 0.0684003 0.0701106 0.0713745 0.0720865 0.0724822 0.0719908 0.0719908 
-0.0581747 -0.0581747 -0.05872 -0.0583247 -0.0576116 -0.0563285 -0.0545916 -0.0523691 -0.0496968 -0.0465879 -0.04307 -0.0391691 -0.0349165 -0.0303446 -0.0254886 -0.0203855 -0.015074 -0.00959393 -0.00398628 0.00170723 0.00744426 0.0131822 0.0188786 0.0244909 0.0299772 0.0352966 0.0404087 0.0452747 0.0498574 0.0541212 0.0580332 0.061562 0.0646812 0.0673626 0.069593 0.0713364 0.0726242 0.0733405 0.0737374 0.0731935 0.0731935 
-0.0598757 -0.0598757 -0.0604591 -0.0600573 -0.0593318 -0.0580152 -0.0562323 -0.0539496 -0.051205 -0.0480121 -0.0443995 -0.0403943 -0.0360284 -0.0313355 -0.0263516 -0.0211149 -0.0156648 -0.0100422 -0.00428921 0.00155162 0.00743699 0.0133234 0.0191672 0.0249253 0.0305546 0.0360131 0.0412597 0.0462544 0.050959 0.0553369 0.0593542 0.0629786 0.0661825 0.0689371 0.0712283 0.0730181 0.0743398 0.0750687 0.0754722 0.0748902 0.0748902 
-0.0621093 -0.0621093 -0.0627273 -0.062316 -0.0615713 -0.0602112 -0.0583683 -0.0560072 -0.0531682 -0.0498655 -0.0461293 -0.0419878 -0.0374742 -0.0326234 -0.027473 -0.0220622 -0.0164318 -0.010624 -0.00468209 0.00135012 0.00742816 0.0135073 0.0195428 0.0254901 0.0313053 0.0369448 0.0423662 0.0475285 0.0523919 0.0569187 0.0610734 0.0648224 0.0681371 0.0709869 0.0733574 0.0752078 0.0765734 0.0773217 0.0777347 0.0771182 0.0771182 
-0.0648803 -0.0648803 -0.0655323 -0.0651068 -0.0643352 -0.0629201 -0.0610019 -0.0585432 -0.0555871 -0.0521484 -0.0482592 -0.0439492 -0.0392531 -0.0342077 -0.0288519 -0.0232266 -0.0173744 -0.0113388 -0.0051646 0.00110283 0.0074176 0.0137336 0.0200046 0.0261847 0.0322283 0.0380905 0.0437273 0.049096 0.0541554 0.0588658 0.0631903 0.0670935 0.0705454 0.0735134 0.0759823 0.0779087 0.0793298 0.0801053 0.0805326 0.0798821 0.0798821 
-0.0682134 -0.0682134 -0.0689024 -0.0684586 -0.0676526 -0.0661704 -0.0641606 -0.061584 -0.0584863 -0.0548837 -0.0508103 -0.0462975 -0.0413822 -0.036103 -0.0305009 -0.0246188 -0.0185009 -0.0121929 -0.00574102 0.0008075 0.00740514 0.0140041 0.0205565 0.0270148 0.0333316 0.0394604 0.0453552 0.0509715 0.056266 0.0611971 0.0657258 0.0698148 0.0734319 0.0765427 0.0791306 0.0811494 0.0826382 0.0834484 0.0838941 0.0832067 0.0832067 
-0.0721329 -0.0721329 -0.0728633 -0.0723967 -0.0715486 -0.0699862 -0.0678674 -0.0651509 -0.0618858 -0.0580896 -0.0537989 -0.0490473 -0.0438742 -0.0383204 -0.0324295 -0.0262464 -0.0198176 -0.0131908 -0.00641444 0.00046249 0.0073905 0.01432 0.0212011 0.0279846 0.034621 0.0410617 0.0472589 0.0531655 0.0587361 0.0639267 0.068696 0.073004 0.0768164 0.0800961 0.0828252 0.084954 0.0865235 0.0873762 0.0878449 0.087116 0.087116 
-0.0766708 -0.0766708 -0.0774487 -0.0769548 -0.0760565 -0.0743998 -0.0721532 -0.0692732 -0.0658127 -0.061791 -0.0572475 -0.0522187 -0.0467468 -0.0408753 -0.0346505 -0.02812 -0.0213328 -0.014339 -0.00718914 6.54913e-05 0.00737339 0.0146829 0.0219422 0.0290998 0.0361042 0.0429046 0.0494506 0.0556927 0.0615829 0.0670745 0.072123 0.0766858 0.0807257 0.0842026 0.0870967 0.0893544 0.0910191 0.0919224 0.0924185 0.0916423 0.0916423 
-0.0818642 -0.0818642 -0.0826965 -0.0821704 -0.0812135 -0.079447 -0.0770522 -0.0739828 -0.0702966 -0.0660148 -0.0611805 -0.0558333 -0.0500187 -0.0437836 -0.0371774 -0.0302507 -0.0230553 -0.0156439 -0.00806956 -0.000385851 0.00735346 0.0150945 0.0227834 0.0303663 0.0377894 0.0449994 0.0519433 0.0585688 0.0648248 0.0706613 0.0760307 0.0808868 0.0851891 0.0888939 0.0919791 0.0943866 0.096162 0.0971245 0.0976529 0.0968224 0.0968224 
-0.0877567 -0.0877567 -0.0886513 -0.0880879 -0.087063 -0.0851699 -0.0826042 -0.0793172 -0.0753719 -0.0707924 -0.0656259 -0.0599157 -0.0537115 -0.0470638 -0.0400256 -0.032651 -0.0249949 -0.0171128 -0.00906058 -0.000894157 0.00733034 0.0155567 0.0237289 0.0317905 0.0396855 0.0473578 0.0547515 0.0618111 0.0684823 0.0747112 0.0804466 0.0856378 0.0902407 0.0942072 0.0975123 0.100092 0.101996 0.103027 0.103593 0.1027 0.1027 
-0.0943982 -0.0943982 -0.0953645 -0.094758 -0.0936549 -0.0916163 -0.0888547 -0.0853185 -0.0810774 -0.0761587 -0.0706147 -0.0644931 -0.0578484 -0.0507354 -0.0432114 -0.0353341 -0.0271619 -0.0187534 -0.0101673 -0.00146216 0.00730354 0.0160714 0.0247828 0.0333792 0.0418019 0.049992 0.0578905 0.0654386 0.0725779 0.0792506 0.0854007 0.090973 0.0959187 0.100184 0.103741 0.106519 0.10857 0.10968 0.110289 0.109324 0.109324 
-0.101847 -0.101847 -0.102895 -0.102239 -0.101046 -0.098841 -0.0958551 -0.0920344 -0.0874564 -0.0821524 -0.0761809 -0.069595 -0.0624546 -0.0548197 -0.0467521 -0.0383138 -0.029567 -0.0205736 -0.0113951 -0.00209278 0.00727258 0.0166402 0.0259495 0.0351392 0.0441483 0.0529148 0.0613767 0.0694713 0.0771359 0.084308 0.0909266 0.0969306 0.102266 0.106872 0.110717 0.113722 0.115941 0.117142 0.117801 0.116754 0.116754 
-0.110167 -0.110167 -0.111311 -0.110599 -0.109303 -0.106906 -0.103664 -0.0995186 -0.0945574 -0.0888166 -0.0823621 -0.0752536 -0.0675572 -0.0593389 -0.0506657 -0.0416044 -0.0322212 -0.0225813 -0.0127493 -0.00278884 0.00723689 0.0172651 0.027233 0.0370773 0.0467343 0.0561393 0.0652268 0.07393 0.0821819 0.0899143 0.0970603 0.103552 0.109329 0.114324 0.118498 0.121762 0.124175 0.12548 0.126196 0.125054 0.125054 
-0.119437 -0.119437 -0.120691 -0.119913 -0.118499 -0.115883 -0.112347 -0.107831 -0.102434 -0.0961981 -0.0891987 -0.0815028 -0.0731844 -0.0643159 -0.0549706 -0.0452202 -0.0351351 -0.0247843 -0.0142349 -0.00355314 0.00719592 0.0179476 0.0286373 0.0391999 0.0495693 0.0596782 0.0694575 0.0788364 0.0877425 0.096102 0.103841 0.110884 0.117162 0.122599 0.127148 0.130711 0.133346 0.134771 0.135553 0.134301 0.134301 
-0.129741 -0.129741 -0.131124 -0.130271 -0.128721 -0.125852 -0.121979 -0.117039 -0.111145 -0.104348 -0.0967338 -0.0883785 -0.0793651 -0.0697739 -0.0596847 -0.0491747 -0.0383189 -0.0271895 -0.0158565 -0.00438819 0.00714893 0.0186888 0.0301656 0.0415125 0.0526617 0.0635433 0.0740848 0.0842113 0.0938449 0.102905 0.11131 0.118975 0.125822 0.131763 0.136743 0.140649 0.143541 0.145103 0.145962 0.14458 0.14458 
-0.14118 -0.14118 -0.142715 -0.141774 -0.140068 -0.136906 -0.132644 -0.127218 -0.120756 -0.113322 -0.105013 -0.0959176 -0.0861286 -0.0757352 -0.0648247 -0.0534802 -0.041781 -0.0298029 -0.017618 -0.00529608 0.00709536 0.0194897 0.0318202 0.0440195 0.0560185 0.0677449 0.0791236 0.090075 0.100516 0.110358 0.11951 0.127879 0.135372 0.14189 0.147366 0.151667 0.154856 0.156579 0.157526 0.155992 0.155992 
-0.15387 -0.15387 -0.155584 -0.154541 -0.152652 -0.149149 -0.144438 -0.138449 -0.131338 -0.123178 -0.114084 -0.104157 -0.0935028 -0.0822205 -0.0704054 -0.0581466 -0.0455282 -0.0326286 -0.0195218 -0.00627815 0.00703461 0.0203502 0.0336023 0.0467235 0.0596443 0.072291 0.0845858 0.0964453 0.10778 0.118494 0.128487 0.13765 0.145881 0.15306 0.159109 0.16387 0.167407 0.169316 0.170366 0.168652 0.168652 
-0.167946 -0.167946 -0.169874 -0.16871 -0.166607 -0.162704 -0.157467 -0.150827 -0.142967 -0.133978 -0.123994 -0.113133 -0.101514 -0.0892474 -0.0764378 -0.0631806 -0.0495638 -0.0356682 -0.0215685 -0.00733485 0.00696615 0.0212697 0.0355112 0.0496245 0.0635405 0.0771856 0.0904799 0.103336 0.11566 0.127346 0.138283 0.148348 0.157423 0.165365 0.172079 0.177378 0.181325 0.183453 0.184626 0.182696 0.182696 
-0.183565 -0.183565 -0.185753 -0.184444 -0.182086 -0.177708 -0.171852 -0.164452 -0.155726 -0.145785 -0.134791 -0.122878 -0.110182 -0.0968282 -0.0829281 -0.0685837 -0.0538868 -0.0389196 -0.0237563 -0.00846518 0.00688961 0.0222465 0.0375439 0.0527188 0.0677043 0.0824277 0.0968085 0.110757 0.124172 0.136941 0.148941 0.160031 0.170073 0.1789 0.186394 0.192328 0.196762 0.199153 0.200473 0.198282 0.198282 
-0.200917 -0.200917 -0.203424 -0.201938 -0.199273 -0.194324 -0.187732 -0.179436 -0.169701 -0.158665 -0.146519 -0.13342 -0.119524 -0.104969 -0.089875 -0.074351 -0.0584908 -0.0423763 -0.0260799 -0.00966636 0.00680496 0.0232774 0.0396948 0.055999 0.0721272 0.0880095 0.103567 0.118707 0.133327 0.147302 0.160499 0.172757 0.183916 0.193775 0.202189 0.20888 0.213903 0.216611 0.218113 0.215599 0.215599 
-0.220226 -0.220226 -0.22313 -0.221423 -0.218379 -0.212735 -0.205259 -0.195899 -0.184981 -0.172677 -0.159214 -0.144778 -0.129544 -0.113663 -0.0972668 -0.0804678 -0.0633606 -0.0460253 -0.0285298 -0.010933 0.00671251 0.0243578 0.0419542 0.0594512 0.0767924 0.0939135 0.110738 0.127177 0.14312 0.158439 0.172984 0.186577 0.199028 0.210101 0.21961 0.227217 0.232959 0.236059 0.237788 0.234873 0.234873 
-0.241776 -0.241776 -0.24518 -0.243189 -0.23967 -0.233166 -0.224611 -0.213975 -0.201659 -0.18788 -0.172908 -0.15696 -0.140233 -0.122893 -0.105081 -0.0869096 -0.0684732 -0.0498469 -0.0310915 -0.0122572 0.00661325 0.0254813 0.044309 0.063056 0.0816759 0.100113 0.118297 0.136141 0.153536 0.170349 0.186416 0.201537 0.215493 0.228002 0.23883 0.247557 0.254195 0.257791 0.259813 0.256389 0.256389 
-0.265903 -0.265903 -0.269943 -0.267575 -0.263443 -0.255856 -0.245971 -0.233789 -0.219812 -0.204309 -0.187604 -0.169946 -0.151558 -0.132618 -0.113272 -0.093633 -0.0737898 -0.0538096 -0.0337424 -0.0136265 0.00650886 0.0266387 0.0467391 0.0667835 0.0867387 0.106561 0.126191 0.14555 0.164531 0.182999 0.200781 0.217655 0.233368 0.247586 0.260017 0.270133 0.277904 0.282147 0.28456 0.280486 0.280486 
-0.293087 -0.293087 -0.297948 -0.295064 -0.290113 -0.281134 -0.269579 -0.255504 -0.239534 -0.222007 -0.203305 -0.183713 -0.163478 -0.142786 -0.121786 -0.100586 -0.0792649 -0.0578762 -0.0364558 -0.0150254 0.0064025 0.0278206 0.0492227 0.0706 0.0919369 0.113206 0.134364 0.155344 0.176051 0.19635 0.216062 0.23495 0.252726 0.268996 0.283396 0.295265 0.304503 0.309616 0.312572 0.307654 0.307654 
-0.323853 -0.323853 -0.329757 -0.326135 -0.320055 -0.309263 -0.295589 -0.279184 -0.260817 -0.240913 -0.219916 -0.198148 -0.175872 -0.15328 -0.130515 -0.107673 -0.0848171 -0.0619833 -0.039187 -0.0164294 0.00629827 0.0290103 0.0517223 0.0744474 0.097192 0.119951 0.142702 0.165398 0.18796 0.210265 0.232138 0.253329 0.273519 0.292257 0.309086 0.323191 0.334355 0.34068 0.344417 0.338424 0.338424 
-0.35925 -0.35925 -0.366464 -0.361747 -0.354041 -0.340822 -0.324401 -0.305081 -0.2838 -0.261084 -0.237435 -0.213211 -0.188679 -0.164029 -0.139386 -0.114826 -0.0903883 -0.0660836 -0.0419016 -0.0178176 0.00620319 0.0302005 0.0542159 0.0782893 0.102454 0.126733 0.151131 0.175631 0.20018 0.224681 0.24897 0.272803 0.295838 0.317573 0.337447 0.354468 0.36823 0.376322 0.381235 0.373884 0.373884 
-0.400057 -0.400057 -0.408734 -0.402344 -0.392243 -0.37578 -0.355811 -0.332883 -0.308101 -0.282111 -0.255456 -0.228514 -0.201546 -0.174718 -0.148127 -0.121819 -0.0957969 -0.0700401 -0.0445063 -0.0191397 0.00612411 0.0313547 0.0566234 0.0820002 0.107551 0.13333 0.159382 0.185724 0.212343 0.239181 0.266108 0.292906 0.319226 0.344545 0.368183 0.388984 0.406248 0.41697 0.4237 0.414834 0.414834 
-0.44946 -0.44946 -0.459535 -0.450482 -0.436646 -0.415657 -0.390918 -0.363381 -0.334276 -0.304382 -0.274247 -0.244248 -0.214604 -0.185442 -0.156807 -0.128698 -0.101074 -0.0738707 -0.0470068 -0.0203905 0.00607711 0.0324991 0.0589803 0.0856256 0.112537 0.13981 0.167531 0.195769 0.224564 0.25392 0.283764 0.313943 0.344137 0.373851 0.402291 0.428192 0.450386 0.465267 0.474939 0.464642 0.464642 
-0.507703 -0.507703 -0.517922 -0.504707 -0.485212 -0.458235 -0.427435 -0.394369 -0.360268 -0.326034 -0.292155 -0.258969 -0.226617 -0.195155 -0.164559 -0.134764 -0.105673 -0.0771723 -0.0491371 -0.0214355 0.00606817 0.0335119 0.0610354 0.0887797 0.116885 0.145492 0.174735 0.204743 0.235623 0.267458 0.300265 0.333999 0.368411 0.40313 0.437271 0.469639 0.498382 0.51961 0.533953 0.523621 0.523621 
-0.587579 -0.587579 -0.594856 -0.574571 -0.545575 -0.509743 -0.470355 -0.429918 -0.389419 -0.34985 -0.311516 -0.274649 -0.239247 -0.205251 -0.172534 -0.140945 -0.110314 -0.0804671 -0.051227 -0.0224171 0.00613937 0.0346187 0.0631986 0.0920591 0.121384 0.151362 0.182188 0.214059 0.247172 0.281723 0.317857 0.355712 0.395196 0.436217 0.477873 0.519375 0.557842 0.589825 0.612252 0.605355 0.605355 
-0.679037 -0.679037 -0.6745 -0.644018 -0.601627 -0.555379 -0.506347 -0.458311 -0.41154 -0.367047 -0.324809 -0.284889 -0.247091 -0.211217 -0.17702 -0.144257 -0.112683 -0.0820663 -0.0521803 -0.0228081 0.00626253 0.0352406 0.0643356 0.0937609 0.123737 0.154496 0.186284 0.219369 0.254031 0.290586 0.329326 0.370611 0.414562 0.461537 0.510716 0.562316 0.612135 0.659283 0.693494 0.699888 0.699888 
-0.84326 -0.84326 -0.809205 -0.758892 -0.691452 -0.627191 -0.562366 -0.50244 -0.446211 -0.394454 -0.346522 -0.302135 -0.260777 -0.222032 -0.185479 -0.150748 -0.117497 -0.0854188 -0.0542255 -0.0236496 0.00656475 0.0366669 0.0669053 0.0975341 0.128819 0.161044 0.194522 0.229607 0.266694 0.306263 0.348823 0.395079 0.445545 0.501368 0.56212 0.630014 0.699176 0.774445 0.831535 0.871128 0.871128 
-0.977902 -0.977902 -0.881213 -0.81165 -0.71923 -0.642684 -0.567982 -0.502316 -0.442307 -0.388436 -0.33942 -0.294686 -0.253467 -0.215191 -0.179328 -0.145435 -0.11312 -0.0820421 -0.0518905 -0.0223805 0.006756 0.0357785 0.064945 0.0945197 0.12478 0.156029 0.188601 0.222887 0.259337 0.298519 0.341071 0.387941 0.439924 0.498928 0.564894 0.642843 0.725094 0.828534 0.907948 1.01649 1.01649 
-1.42631 -1.42631 -1.18375 -1.05137 -0.892484 -0.776068 -0.670971 -0.584407 -0.508826 -0.443211 -0.384926 -0.332646 -0.28509 -0.241355 -0.200684 -0.162476 -0.12622 -0.0914804 -0.0578716 -0.0250432 0.00733152 0.039567 0.0719753 0.104876 0.138608 0.173541 0.210095 0.248768 0.290155 0.335038 0.384368 0.439613 0.502319 0.575887 0.661819 0.770144 0.892987 1.06761 1.21467 1.48255 1.48255 
-1.36732 -1.36732 -0.969976 -0.850161 -0.695841 -0.599961 -0.513852 -0.445707 -0.386778 -0.336219 -0.291561 -0.251682 -0.215498 -0.182275 -0.151406 -0.122414 -0.0949045 -0.0685394 -0.0430223 -0.0180857 0.00652007 0.031035 0.0556981 0.0807547 0.106466 0.133118 0.16104 0.190623 0.22234 0.256822 0.294846 0.337662 0.38658 0.444851 0.513747 0.605029 0.70945 0.884804 1.02232 1.4529 1.4529 
-3.07732 -3.07732 -1.94447 -1.58062 -1.24223 -1.0405 -0.881538 -0.760314 -0.65932 -0.573347 -0.497724 -0.430081 -0.368625 -0.312135 -0.259649 -0.210395 -0.16372 -0.119059 -0.075909 -0.0338038 0.00769144 0.0489957 0.0905286 0.132717 0.176013 0.220907 0.267952 0.317802 0.371249 0.429332 0.493394 0.565516 0.648404 0.747671 0.868894 1.03285 1.24199 1.60309 1.97961 3.15868 3.15868 
0 0 0 0 0 0 0 0 0 0 0 0 0 0 0 0 0 0 0 0 0 0 0 0 0 0 0 0 0 0 0 0 0 0 0 0 0 0 0 0 0 
