0 0 0 0 0 0 0 0 0 0 0 0 0 0 0 0 0 0 0 0 0 0 0 0 0 0 0 0 0 0 0 0 0 0 0 0 0 0 0 0 0 
0 0.000118756 0.000219965 0.00027467 0.000297851 0.000301542 0.000295528 0.000284385 0.000270378 0.00025432 0.00023657 0.000217299 0.000196652 0.000174774 0.000151818 0.000127941 0.000103303 7.80579e-05 5.23601e-05 2.63607e-05 2.08717e-07 -2.59476e-05 -5.19601e-05 -7.76792e-05 -0.000102953 -0.000127629 -0.000151548 -0.000174552 -0.000196482 -0.000217183 -0.00023651 -0.000254313 -0.000270421 -0.000284469 -0.000295636 -0.00030165 -0.000297928 -0.000274684 -0.000219901 -0.000118654 0 
0 0.0003371 0.000583062 0.000713894 0.000769554 0.000779086 0.000764508 0.000736645 0.000700954 0.000659634 0.000613717 0.000563748 0.000510164 0.000453374 0.000393789 0.000331825 0.000267894 0.000202399 0.000135739 6.83033e-05 4.75989e-07 -6.73607e-05 -0.000134825 -0.000201532 -0.000267091 -0.000331103 -0.000393161 -0.000452851 -0.000509757 -0.00056346 -0.00061355 -0.000659584 -0.000701011 -0.000736788 -0.000764697 -0.000779265 -0.000769647 -0.00071383 -0.000582815 -0.000336787 0 
0 0.000666299 0.00109971 0.00132845 0.00142529 0.00144248 0.00141633 0.00136571 0.00130013 0.00122374 0.00113859 0.0010458 0.000946275 0.000840803 0.000730177 0.000615172 0.000496554 0.000375071 0.000251455 0.000126422 6.75432e-07 -0.000125084 -0.000250159 -0.000373843 -0.000495419 -0.000614154 -0.000729295 -0.000840076 -0.000945714 -0.00104542 -0.00113837 -0.0012237 -0.00130024 -0.00136594 -0.00141661 -0.00144271 -0.00142536 -0.00132823 -0.00109918 -0.000665674 0 
0 0.00103617 0.0016754 0.00200833 0.00214716 0.00217081 0.00213101 0.00205501 0.00195643 0.00184146 0.00171317 0.00157335 0.00142338 0.00126451 0.00109794 0.000924844 0.000746383 0.000563674 0.000377805 0.000189842 8.27161e-07 -0.000188204 -0.000376217 -0.000562167 -0.000744989 -0.00092359 -0.00109685 -0.0012636 -0.00142268 -0.00157286 -0.00171289 -0.00184138 -0.00195653 -0.00205524 -0.00213129 -0.00217099 -0.00214707 -0.00200782 -0.00167444 -0.00103512 0 
0 0.0014372 0.00229827 0.00274168 0.002924 0.00295342 0.00289825 0.00279454 0.00266023 0.00250359 0.00232879 0.00213831 0.00193409 0.00171785 0.00149125 0.00125591 0.00101337 0.000765164 0.000512745 0.000257538 9.35197e-07 -0.000255686 -0.000510949 -0.000763458 -0.00101179 -0.00125448 -0.00149001 -0.00171682 -0.00193329 -0.00213775 -0.00232846 -0.00250349 -0.00266033 -0.00279477 -0.0028985 -0.00295352 -0.00292372 -0.00274081 -0.0022968 -0.00143565 0 
0 0.00185503 0.00294903 0.00350748 0.00373431 0.00376874 0.00369672 0.0035635 0.00339147 0.00319105 0.00296752 0.0027241 0.00246328 0.0021873 0.00189831 0.00159835 0.00128941 0.000973407 0.000652164 0.000327459 1.02641e-06 -0.000325426 -0.000650188 -0.000971526 -0.00128767 -0.00159677 -0.00189693 -0.00218615 -0.00246237 -0.00272345 -0.00296714 -0.00319092 -0.00339155 -0.00356372 -0.00369693 -0.00376873 -0.00373378 -0.0035062 -0.002947 -0.00185294 0 
0 0.00229004 0.00362795 0.00430644 0.00457935 0.00461839 0.00452812 0.00436349 0.00415157 0.00390502 0.0036303 0.00333141 0.00301145 0.00267321 0.00231931 0.00195229 0.00157456 0.00118842 0.000796063 0.000399611 1.1167e-06 -0.000397398 -0.00079391 -0.00118637 -0.00157265 -0.00195056 -0.00231779 -0.00267193 -0.00301045 -0.0033307 -0.00362989 -0.00390488 -0.00415166 -0.00436372 -0.00452832 -0.0046183 -0.0045786 -0.00430475 -0.00362533 -0.00228738 0 
0 0.00274294 0.004336 0.00513989 0.00546066 0.00550393 0.0053939 0.00519576 0.00494151 0.00464621 0.00431759 0.00396049 0.00357865 0.00317545 0.00275406 0.00231748 0.00186855 0.00140997 0.000944276 0.00047391 1.21676e-06 -0.000471497 -0.000941926 -0.00140772 -0.00186645 -0.00231557 -0.00275238 -0.00317404 -0.00357754 -0.0039597 -0.00431714 -0.00464607 -0.00494164 -0.00519604 -0.00539413 -0.00550378 -0.00545972 -0.0051378 -0.00433277 -0.00273968 0 
0 0.00321726 0.00507823 0.00601366 0.00638434 0.00643144 0.00629992 0.00606575 0.00576625 0.00541904 0.00503326 0.00461463 0.00416766 0.00369635 0.00320442 0.00269538 0.0021725 0.00163886 0.00109732 0.000550611 1.33209e-06 -0.000547967 -0.00109474 -0.00163639 -0.00217018 -0.00269326 -0.00320256 -0.00369478 -0.00416643 -0.00461377 -0.00503278 -0.00541893 -0.00576645 -0.00606613 -0.00630024 -0.00643131 -0.00638326 -0.00601119 -0.0050744 -0.00321339 0 
0 0.00371672 0.00586021 0.00693417 0.00735704 0.00740741 0.00725226 0.00697904 0.00663078 0.00622788 0.00578103 0.00529699 0.00478108 0.00423798 0.00367202 0.00308724 0.00248733 0.00187573 0.0012556 0.000629911 1.46583e-06 -0.000627 -0.00125275 -0.00187299 -0.00248475 -0.00308487 -0.00366993 -0.00423621 -0.0047797 -0.00529604 -0.00578052 -0.00622781 -0.00663109 -0.00697959 -0.00725275 -0.00740738 -0.00735589 -0.00693135 -0.00585577 -0.00371222 0 
0 0.0042457 0.00668859 0.00790907 0.00838665 0.00843951 0.00825811 0.00794217 0.00754088 0.00707773 0.00656516 0.0060111 0.00542176 0.00480261 0.00415863 0.00349438 0.00281399 0.00212124 0.00141953 0.000712005 1.61855e-06 -0.000708788 -0.00141637 -0.00211819 -0.0028111 -0.00349171 -0.00415626 -0.0048006 -0.00542019 -0.00601003 -0.00656463 -0.00707774 -0.00754136 -0.00794295 -0.00825886 -0.00843968 -0.00838551 -0.00790597 -0.00668355 -0.00424054 0 
0 0.00480891 0.00757064 0.00894678 0.00948177 0.00953602 0.00932508 0.00896193 0.00850248 0.00797365 0.00738983 0.00676029 0.00609232 0.00539222 0.00466569 0.00391782 0.00315318 0.00237583 0.00158935 0.000797012 1.78988e-06 -0.000793449 -0.00158585 -0.00237242 -0.00314993 -0.00391479 -0.00466297 -0.00538991 -0.00609051 -0.00675907 -0.00738925 -0.00797374 -0.00850319 -0.00896305 -0.00932621 -0.00953651 -0.00948075 -0.00894346 -0.00756502 -0.00480307 0 
0 0.00541163 0.00851454 0.0100567 0.010652 0.0107061 0.0104615 0.0100457 0.00952186 0.00892079 0.00825916 0.00754778 0.00679514 0.00600851 0.00519433 0.00435828 0.00350531 0.0026397 0.00176517 0.000884957 1.97745e-06 -0.000881013 -0.00176127 -0.00263588 -0.00350162 -0.0043548 -0.00519118 -0.0060058 -0.006793 -0.00754634 -0.00825851 -0.00892098 -0.00952283 -0.0100472 -0.0104632 -0.010707 -0.0106512 -0.0100532 -0.00850837 -0.00540509 0 
0 0.00605974 0.00952944 0.0112493 0.011908 0.0119597 0.0116764 0.0112012 0.0106055 0.00992434 0.00917711 0.00837643 0.00753216 0.00665265 0.00574517 0.00481596 0.00387034 0.00291273 0.00194683 0.000975744 2.1763e-06 -0.000971393 -0.00194249 -0.00290843 -0.00386613 -0.00481195 -0.00574147 -0.00664942 -0.00752957 -0.00837467 -0.00917633 -0.00992461 -0.0106068 -0.0112033 -0.0116788 -0.0119613 -0.0119077 -0.0112459 -0.00952274 -0.00605247 0 
0 0.00675992 0.0106257 0.0125365 0.0132617 0.0133081 0.0129797 0.0124368 0.01176 0.0109894 0.0101473 0.00924863 0.00830472 0.00732519 0.00631817 0.00529048 0.0042477 0.00319432 0.00213386 0.00106912 2.37864e-06 -0.00106435 -0.00212905 -0.00318949 -0.0042429 -0.00528581 -0.00631378 -0.00732127 -0.00830153 -0.00924641 -0.0101463 -0.0109897 -0.0117617 -0.0124396 -0.012983 -0.0133107 -0.0132621 -0.0125333 -0.0106186 -0.00675192 0 
0 0.00751987 0.0118154 0.013932 0.0147267 0.0147638 0.0143822 0.0137613 0.0129923 0.0121209 0.011173 0.0101661 0.00911335 0.00802578 0.00691241 0.00578061 0.00463613 0.00348334 0.00232542 0.00116462 2.57035e-06 -0.00115944 -0.00232014 -0.00347793 -0.00463063 -0.00577512 -0.00690713 -0.00802096 -0.00910932 -0.0101632 -0.0111716 -0.0121211 -0.0129944 -0.0137649 -0.0143866 -0.0147676 -0.0147282 -0.0139292 -0.0118079 -0.00751113 0 
0 0.00834853 0.0131122 0.0154515 0.0163187 0.0163408 0.0158957 0.0151843 0.0143092 0.0133233 0.0122566 0.0111295 0.00995746 0.0087529 0.00752584 0.00628408 0.00503343 0.00377793 0.00252015 0.00126153 2.72806e-06 -0.001256 -0.00251442 -0.00377191 -0.00502713 -0.00627761 -0.00751942 -0.00874687 -0.00995226 -0.0111256 -0.0122545 -0.0133234 -0.0143117 -0.0151888 -0.0159016 -0.0163464 -0.0163216 -0.0154495 -0.0131047 -0.00833909 0 
0 0.00925647 0.0145328 0.0171134 0.0180555 0.0180552 0.0175335 0.0167155 0.0157176 0.0146005 0.0133995 0.0121383 0.010835 0.0095035 0.0081549 0.00679729 0.0054363 0.00407536 0.00271611 0.00135882 2.8163e-06 -0.00135306 -0.00270999 -0.00406872 -0.00542909 -0.00678961 -0.00814702 -0.00949585 -0.0108281 -0.012133 -0.0133963 -0.0146001 -0.0157204 -0.0167211 -0.0175412 -0.018063 -0.0180606 -0.0171127 -0.0145254 -0.0092464 0 
0 0.0102563 0.0160966 0.0189397 0.0199584 0.0199252 0.01931 0.0183654 0.0172239 0.0159554 0.0146015 0.01319 0.0117417 0.0102725 0.00879416 0.00731494 0.00583998 0.00437176 0.00291057 0.00145506 2.78334e-06 -0.00144929 -0.00290421 -0.00436453 -0.00583176 -0.00730579 -0.0087844 -0.0102627 -0.0117326 -0.0131825 -0.0145966 -0.0159541 -0.0172266 -0.0183723 -0.01932 -0.019936 -0.0199664 -0.0189411 -0.0160898 -0.0102458 0 
0 0.0113635 0.0178273 0.0209566 0.0220522 0.0219719 0.0212413 0.0201446 0.0188335 0.0173891 0.0158602 0.0142796 0.012671 0.0110523 0.00943578 0.00782961 0.00623799 0.00466193 0.00309988 0.00154834 2.55693e-06 -0.00154291 -0.00309354 -0.00465423 -0.00622867 -0.00781869 -0.0094236 -0.0110395 -0.0126587 -0.014269 -0.0158528 -0.0173861 -0.018836 -0.0201528 -0.021254 -0.0219865 -0.0220641 -0.0209611 -0.0178219 -0.0113527 0 
0 0.0125967 0.0197541 0.023196 0.0243664 0.0242196 0.0233448 0.0220639 0.0205508 0.0189004 0.0171703 0.0153986 0.0136127 0.0118318 0.0100689 0.00833129 0.00662169 0.00493904 0.0032793 0.0016362 2.03244e-06 -0.00163167 -0.00327342 -0.0049311 -0.00661124 -0.00831825 -0.0100537 -0.0118152 -0.013596 -0.0153835 -0.0171589 -0.0188947 -0.0205523 -0.0220732 -0.0233609 -0.0242392 -0.0243839 -0.023205 -0.0197511 -0.0125862 0 
0 0.0139799 0.0219134 0.025697 0.0269367 0.0266963 0.0256397 0.024133 0.0223775 0.0204845 0.0185219 0.0165341 0.0145519 0.012596 0.010679 0.0088068 0.00697991 0.00519434 0.0034428 0.00171549 1.06072e-06 -0.00171269 -0.00343804 -0.00518656 -0.00696838 -0.00879129 -0.0106598 -0.0125742 -0.0145291 -0.0165127 -0.0185046 -0.0204743 -0.0223767 -0.024143 -0.0256597 -0.0267225 -0.0269619 -0.0257128 -0.0219145 -0.0139702 0 
0 0.015543 0.0243512 0.0285086 0.029806 0.0294345 0.0281459 0.0263601 0.0243115 0.0221313 0.0198994 0.017667 0.0154682 0.0133244 0.0112469 0.00923918 0.00729845 0.00541684 0.00358284 0.00178231 -5.60745e-07 -0.00178248 -0.00358023 -0.00540989 -0.00728605 -0.00922083 -0.0112228 -0.0132957 -0.0154372 -0.0176366 -0.0198734 -0.022114 -0.0243066 -0.02637 -0.0281703 -0.029469 -0.0298418 -0.0285342 -0.0243587 -0.0155355 0 
0 0.0173257 0.0271269 0.0316925 0.0330272 0.0324714 0.0308839 0.0287501 0.0263449 0.0238235 0.0212792 0.0187706 0.016334 0.0139902 0.0117481 0.0096071 0.00755974 0.00559305 0.00369026 0.00183192 -3.10312e-06 -0.00183681 -0.00369129 -0.005588 -0.00754693 -0.00958561 -0.0117179 -0.0139527 -0.0162917 -0.0187274 -0.0212405 -0.023795 -0.0263326 -0.0287581 -0.030913 -0.0325168 -0.0330776 -0.0317326 -0.0271447 -0.0173221 0 
0 0.0193797 0.0303178 0.0353267 0.0366634 0.0358486 0.0338721 0.031301 0.02846 0.0255323 0.0226265 0.0198073 0.0171119 0.0145587 0.0121515 0.009884 0.00774223 0.00570667 0.00375406 0.00185863 -6.92152e-06 -0.00187068 -0.00376086 -0.00570511 -0.00772984 -0.00985924 -0.012114 -0.0145097 -0.0170545 -0.0197464 -0.0225691 -0.0254868 -0.028435 -0.0313037 -0.0339053 -0.0359074 -0.0367339 -0.035388 -0.0303518 -0.0193831 0 
0 0.0217776 0.0340292 0.0395139 0.0407938 0.0396129 0.0371257 0.0340016 0.0306261 0.0272153 0.0238927 0.0207274 0.0177545 0.0149864 0.0124192 0.0100382 0.00782059 0.00573873 0.00376154 0.00185589 -1.24932e-05 -0.00187849 -0.00377711 -0.00574304 -0.00781008 -0.0100104 -0.0123731 -0.0149229 -0.017677 -0.020642 -0.0238086 -0.027144 -0.0305805 -0.0339933 -0.0371611 -0.0396884 -0.0408921 -0.0396066 -0.0340887 -0.021793 0 
0 0.0246164 0.038398 0.0443813 0.0455077 0.0438073 0.0406446 0.0368188 0.0327886 0.0288059 0.0250075 0.0214624 0.0181986 0.0152178 0.0125042 0.010031 0.00776458 0.00566694 0.0036979 0.0018161 -2.03982e-05 -0.00185379 -0.00372638 -0.00568051 -0.00775827 -0.010001 -0.0124483 -0.0151363 -0.0180949 -0.0213436 -0.0248851 -0.0286958 -0.0327094 -0.0367892 -0.0406772 -0.0439017 -0.0456436 -0.0445202 -0.0384975 -0.0246524 0 
0 0.0280479 0.043626 0.0501069 0.0509211 0.0484792 0.0444172 0.0396993 0.0348691 0.0302152 0.0258812 0.0219285 0.0183697 0.0151891 0.0123536 0.0098205 0.0075419 0.00546783 0.00354776 0.00173133 -3.14035e-05 -0.00179017 -0.00359479 -0.00549555 -0.00754346 -0.00979022 -0.0122876 -0.0150862 -0.0182325 -0.0217648 -0.0257051 -0.0300476 -0.0347367 -0.0396312 -0.0444366 -0.0485932 -0.0511078 -0.0503149 -0.0437897 -0.0281194 0 
0 0.032267 0.0499558 0.0568816 0.0571263 0.0536253 0.0483667 0.0425211 0.0367252 0.0312984 0.0263783 0.0220054 0.0181655 0.0148162 0.0119001 0.009354 0.00711298 0.0051132 0.00329284 0.0015923 -4.63173e-05 -0.00168 -0.00336577 -0.00516171 -0.0071279 -0.00932707 -0.0118248 -0.0146887 -0.0179868 -0.0217827 -0.0261277 -0.0310465 -0.036509 -0.0423849 -0.0483512 -0.0537528 -0.0573776 -0.0571901 -0.0502205 -0.032399 0 
0 0.0376345 0.0577955 0.0650108 0.064269 0.0592519 0.052401 0.0451393 0.0381934 0.0318962 0.0263563 0.0215729 0.0174885 0.0140224 0.0110852 0.00858825 0.00644669 0.00458155 0.00291948 0.00139188 -6.6382e-05 -0.00151867 -0.00302829 -0.00466032 -0.00648338 -0.00857126 -0.0110042 -0.0138695 -0.0172609 -0.0212753 -0.0260051 -0.0315232 -0.0378482 -0.0448874 -0.0523113 -0.0593754 -0.0646 -0.0654686 -0.0582251 -0.0378751 0 
0 0.0445029 0.0674574 0.0746167 0.0722424 0.0650899 0.0561636 0.0471756 0.0389157 0.0316935 0.0255509 0.0204166 0.0161695 0.0126769 0.00980983 0.00744952 0.00548975 0.00383614 0.00240452 0.00111865 -9.22871e-05 -0.00129627 -0.0025611 -0.0039571 -0.00555986 -0.00745306 -0.00973126 -0.0125024 -0.0158893 -0.0200297 -0.02507 -0.0311529 -0.0383774 -0.0467323 -0.0559258 -0.0651595 -0.0726494 -0.0752776 -0.0681407 -0.0449292 0 
0 0.0537761 0.0797312 0.0861452 0.081135 0.0710006 0.0594073 0.0483625 0.038653 0.0305001 0.0238238 0.0184445 0.0141529 0.0107512 0.00806317 0.00593801 0.00424772 0.00288386 0.00175341 0.000774767 -0.000126065 -0.00101917 -0.00197423 -0.00306418 -0.00436896 -0.00597969 -0.00800322 -0.0105672 -0.0138248 -0.0179598 -0.0231853 -0.0297379 -0.0378377 -0.0476177 -0.0589023 -0.0709228 -0.0815925 -0.0870855 -0.0808211 -0.0545396 0 
0 0.0655151 0.0940697 0.0985471 0.0895709 0.0755448 0.0607936 0.047546 0.0364571 0.0275602 0.0205842 0.0151997 0.0110882 0.00797745 0.00564253 0.00390209 0.00261005 0.00164804 0.000918439 0.000338363 -0.000165485 -0.00066145 -0.00121726 -0.00190442 -0.00280289 -0.00400651 -0.00562941 -0.00781396 -0.01074 -0.0146358 -0.0197872 -0.0265427 -0.0352839 -0.0463639 -0.0598389 -0.0751294 -0.0899477 -0.0997719 -0.0957096 -0.0668171 0 
0 0.0820015 0.111907 0.112394 0.0975945 0.0786149 0.0602636 0.044789 0.0325139 0.0231529 0.0161668 0.0110393 0.00732839 0.00468587 0.00284262 0.0015933 0.000780502 0.000282156 1.47456e-06 -0.000140922 -0.000213372 -0.000278512 -0.000398133 -0.000638043 -0.00107337 -0.00179494 -0.00291736 -0.00458972 -0.00700961 -0.0104423 -0.0152417 -0.021876 -0.0309204 -0.0430253 -0.0586273 -0.0775822 -0.0976613 -0.113874 -0.114322 -0.0842147 0 
0 0.0984798 0.125931 0.119988 0.0981896 0.0743306 0.05311 0.0363934 0.0239316 0.0150034 0.00876588 0.0045158 0.00170578 -6.63193e-05 -0.00109263 -0.00158423 -0.00169502 -0.00153887 -0.00120223 -0.000753217 -0.000248601 0.000260722 0.000724826 0.00108996 0.00129321 0.00125587 0.000874535 8.61396e-06 -0.00153742 -0.00404034 -0.00789246 -0.0136502 -0.022063 -0.034096 -0.050675 -0.0723643 -0.097483 -0.121313 -0.128974 -0.101835 0 
0 0.123256 0.14216 0.125843 0.0955421 0.0669534 0.0436978 0.026673 0.0148256 0.00692044 0.00182212 -0.00132371 -0.00312884 -0.00401432 -0.00426793 -0.00408661 -0.0036067 -0.00292432 -0.00210908 -0.00121346 -0.000279506 0.000656018 0.00155733 0.00238539 0.00309311 0.00361923 0.00387969 0.00375481 0.00306975 0.00156389 -0.00115459 -0.00567828 -0.0128737 -0.023975 -0.0404415 -0.0637762 -0.093514 -0.126413 -0.145546 -0.128065 0 
0 0.118085 0.119098 0.094417 0.0618018 0.034919 0.0151871 0.0021582 -0.00583775 -0.0103132 -0.0124599 -0.0131062 -0.0128 -0.0118933 -0.0106096 -0.00909054 -0.0074263 -0.00567473 -0.00387333 -0.00204697 -0.000213122 0.00161447 0.00342267 0.00519605 0.00691364 0.00854438 0.0100405 0.0113272 0.0122862 0.0127277 0.0123453 0.0106443 0.00684139 -0.000271349 -0.0123469 -0.0314855 -0.0587181 -0.0935056 -0.121396 -0.12323 0 
0 0.140921 0.112419 0.0758746 0.0419326 0.0181029 0.0026523 -0.00648757 -0.0113794 -0.0135778 -0.0141328 -0.0137165 -0.0127359 -0.0114341 -0.00995305 -0.00837588 -0.00675061 -0.00510458 -0.00345288 -0.00180335 -0.000159683 0.00147641 0.00310345 0.0047187 0.00631623 0.00788432 0.00940141 0.0108294 0.012102 0.0131044 0.013637 0.0133558 0.0116669 0.00758585 -0.000451792 -0.0147491 -0.0378679 -0.0726686 -0.111643 -0.144416 0 
0 -0.0677351 -0.0700775 -0.0719062 -0.0705504 -0.0688165 -0.0653277 -0.0607787 -0.0554845 -0.0499143 -0.044337 -0.0389253 -0.0337532 -0.0288426 -0.0241834 -0.0197506 -0.0155119 -0.0114325 -0.00747748 -0.00361225 0.000196961 0.00398332 0.0077796 0.0116186 0.0155331 0.0195564 0.0237217 0.028062 0.0326067 0.0373786 0.0423813 0.0475891 0.0528983 0.058143 0.0629176 0.0669891 0.0694419 0.0718145 0.0709428 0.0709247 0 
0 0 0 0 0 0 0 0 0 0 0 0 0 0 0 0 0 0 0 0 0 0 0 0 0 0 0 0 0 0 0 0 0 0 0 0 0 0 0 0 0 
